0
正门 
1
铜像
2
公教楼
3
图书馆
4
实验楼
5
体育馆
6
真草
7
假草
8
软院
9
新天地
10
软院2
11
新天地2
12
新天地3
*
  0   1   4   8   6 100 100  10 100   1 100  10 100
  1   0   3   4   5 100  10 100   1 100   1 100 100
  4   3   0  10   1   7 100   6 100  10 100 100   8
  8   4  10   0   2 100   3 100 100   6   5   9   7
  6   5   1   2   0   3   6   9 100   7   9   8   5
100 100   7 100   3   0  10   5 100   6   7   8   4
100  10 100   3   6 100   0   2   7   2   9  10   2
10  100   6 100   9   5   2   0   4 100   2   3   7
100   1 100 100 100 100   7   4   0  10   4   5   1
1   100  10   6   7   6   2 100  10   0   8   5   7
100   1 100   5   9   7   9   2   4   8   0   2   9
10  100 100   9   8   8   10  3   5   5   2   0  10
100 100   8   7   5   4   2   7   1   7   9  100  0

  0   1   4   8   6 100 100  10 100   1 100  10 100
  1   0   3   4   5 100  10 100   1 100   1 100 100
  4   3   0  10   1   7 100   6 100  10 100 100   8
  8   4  10   0   2 100   3 100 100   6   5   9   7
  6   5   1   2   0   3   6   9 100   7   9   8   5
100 100   7 100   3   0  10   5 100   6   7   8   4
100  10 100   3   6 100   0   2   7   2   9  10   2
10  100   6 100   9   5   2   0   4 100   2   3   7
100   1 100 100 100 100   7   4   0  10   4   5   1
1   100  10   6   7   6   2 100  10   0   8   5   7
100   1 100   5   9   7   9   2   4   8   0   2   9
10  100 100   9   8   8   10  3   5   5   2   0  10
100 100   8   7   5   4   2   7   1   7   9  100  0